# yamllint disable
acc: 0.6428571428571428
end-of-epoch: true
f1: 0.6345046082949308
loss: 1.0333949625492096
unixtime: 1714077035.8336725
