# yamllint disable
acc: 0.6428571428571428
end-of-epoch: true
f1: 0.6343101716085587
loss: 0.9808114618062972
unixtime: 1714077036.0068152
