# yamllint disable
acc: 0.6428571428571428
end-of-epoch: true
f1: 0.6340594888981985
loss: 1.005075603723526
unixtime: 1714077036.3854089
