# yamllint disable
acc: 0.6607142857142857
end-of-epoch: true
f1: 0.6528263727373849
loss: 1.0004963874816895
unixtime: 1714077035.6657898
